%YAML:1.0
R: !!opencv-matrix
   rows: 3
   cols: 3
   dt: d
   data: [ 9.9989053710420617e-01, 8.0798884972747564e-03,
       -1.2394725141517534e-02, -7.8698321341303633e-03,
       9.9982615505827044e-01, 1.6903413962156087e-02,
       1.2529148081285054e-02, -1.6804019259302558e-02,
       9.9978029855818329e-01 ]
T: !!opencv-matrix
   rows: 3
   cols: 1
   dt: d
   data: [ -4.1471832896406609e+00, 2.0285536022761760e-01,
       -3.2825541782663397e-03 ]
R1: !!opencv-matrix
   rows: 3
   cols: 3
   dt: d
   data: [ 9.9909059837865855e-01, -4.0790137093544815e-02,
       -1.2415351274291699e-02, 4.0891486847336976e-02,
       9.9913139115826455e-01, 8.0218143561848892e-03,
       1.2077356283073847e-02, -8.5222014785410437e-03,
       9.9989074880567386e-01 ]
R2: !!opencv-matrix
   rows: 3
   cols: 3
   dt: d
   data: [ 9.9880554013567535e-01, -4.8855583052641510e-02,
       7.9056869929940935e-04, 4.8860452797377982e-02,
       9.9877148413137506e-01, -8.2570356936182577e-03,
       -3.8619518000889298e-04, 8.2858005404991379e-03,
       9.9996559758958015e-01 ]
P1: !!opencv-matrix
   rows: 3
   cols: 4
   dt: d
   data: [ 4.4122502159083945e+02, 0., 3.1950062942504883e+02, 0., 0.,
       4.4122502159083945e+02, 2.3780415153503418e+02, 0., 0., 0., 1.,
       0. ]
P2: !!opencv-matrix
   rows: 3
   cols: 4
   dt: d
   data: [ 4.4122502159083945e+02, 0., 3.1950062942504883e+02,
       -1.8320293220082738e+03, 0., 4.4122502159083945e+02,
       2.3780415153503418e+02, 0., 0., 0., 1., 0. ]
Q: !!opencv-matrix
   rows: 4
   cols: 4
   dt: d
   data: [ 1., 0., 0., -3.1950062942504883e+02, 0., 1., 0.,
       -2.3780415153503418e+02, 0., 0., 0., 4.4122502159083945e+02, 0.,
       0., 2.4083949764907026e-01, 0. ]
