%YAML:1.0
R: !!opencv-matrix
   rows: 3
   cols: 3
   dt: d
   data: [ 9.9997202544132091e-01, -6.8704850683184307e-03,
       -2.9571556787196564e-03, 6.9203051451921125e-03,
       9.9982845719776425e-01, 1.7180382831469495e-02,
       2.8386108362362722e-03, -1.7200366637500426e-02,
       9.9984803329108762e-01 ]
T: !!opencv-matrix
   rows: 3
   cols: 1
   dt: d
   data: [ -3.8943572526804449e+00, 7.0879851208735601e-03,
       -2.3735738983172241e-02 ]
R1: !!opencv-matrix
   rows: 3
   cols: 3
   dt: d
   data: [ 9.9995650192706964e-01, -8.7948949943068098e-03,
       3.1054912360955100e-03, 8.7679140162818803e-03,
       9.9992460110770931e-01, 8.5974288825999955e-03,
       -3.1808705697397698e-03, -8.5698262308750457e-03,
       9.9995821919757788e-01 ]
R2: !!opencv-matrix
   rows: 3
   cols: 3
   dt: d
   data: [ 9.9997977035892183e-01, -1.8200286398083253e-03,
       6.0947820853864947e-03, 1.8722777607636187e-03,
       9.9996145499965983e-01, -8.5780586935329823e-03,
       -6.0789348495127460e-03, 8.5892962874396343e-03,
       9.9994463373747955e-01 ]
P1: !!opencv-matrix
   rows: 3
   cols: 4
   dt: d
   data: [ 5.7921638295732691e+02, 0., 3.1649387741088867e+02, 0., 0.,
       5.7921638295732691e+02, 2.3098814964294434e+02, 0., 0., 0., 1.,
       0. ]
P2: !!opencv-matrix
   rows: 3
   cols: 4
   dt: d
   data: [ 5.7921638295732691e+02, 0., 3.1649387741088867e+02,
       -2.2557211542705236e+03, 0., 5.7921638295732691e+02,
       2.3098814964294434e+02, 0., 0., 0., 1., 0. ]
Q: !!opencv-matrix
   rows: 4
   cols: 4
   dt: d
   data: [ 1., 0., 0., -3.1649387741088867e+02, 0., 1., 0.,
       -2.3098814964294434e+02, 0., 0., 0., 5.7921638295732691e+02, 0.,
       0., 2.5677658865802472e-01, 0. ]
