%YAML:1.0
R: !!opencv-matrix
   rows: 3
   cols: 3
   dt: d
   data: [ 9.9699864638837876e-01, 2.7135299288758262e-02,
       7.2507755669651924e-02, -2.5567142275721579e-02,
       9.9942056687498426e-01, -2.2468906140223188e-02,
       -7.3075442767002341e-02, 2.0547652902330817e-02,
       9.9711472440467552e-01 ]
T: !!opencv-matrix
   rows: 3
   cols: 1
   dt: d
   data: [ 4.0285675573957946e-01, -5.0469936486097149e-02,
       1.0367292889431357e+00 ]
R1: !!opencv-matrix
   rows: 3
   cols: 3
   dt: d
   data: [ 2.9385668518022023e-01, -1.6352418066781924e-02,
       9.5570960390605164e-01, 1.6883043378465312e-02,
       9.9978646938728588e-01, 1.1915472142835681e-02,
       -9.5570037743069547e-01, 1.2633845553710823e-02,
       2.9407001636574781e-01 ]
R2: !!opencv-matrix
   rows: 3
   cols: 3
   dt: d
   data: [ 3.6182734804967803e-01, -4.5329768000229378e-02,
       9.3114240711954610e-01, 4.4825840609742311e-02,
       9.9850778119168215e-01, 3.1190622201135994e-02,
       -9.3116680257458029e-01, 3.0453621011456117e-02,
       3.6331936743080934e-01 ]
P1: !!opencv-matrix
   rows: 3
   cols: 4
   dt: d
   data: [ -2.4461559337703354e+00, 0., 2.0990180587768555e+02, 0., 0.,
       -2.4461559337703354e+00, 2.2393829727172852e+02, 0., 0., 0., 1.,
       0. ]
P2: !!opencv-matrix
   rows: 3
   cols: 4
   dt: d
   data: [ -2.4461559337703354e+00, 0., 2.0990180587768555e+02,
       -2.7235377558485134e+00, 0., -2.4461559337703354e+00,
       2.2393829727172852e+02, 0., 0., 0., 1., 0. ]
Q: !!opencv-matrix
   rows: 4
   cols: 4
   dt: d
   data: [ 1., 0., 0., -2.0990180587768555e+02, 0., 1., 0.,
       -2.2393829727172852e+02, 0., 0., 0., -2.4461559337703354e+00, 0.,
       0., -8.9815385467576880e-01, 0. ]
