%YAML:1.0
R: !!opencv-matrix
   rows: 3
   cols: 3
   dt: d
   data: [ 9.9987120116649453e-01, -7.6693636930696488e-03,
       -1.4098295585456222e-02, 8.0113588539409801e-03,
       9.9967106103532011e-01, 2.4363658547734982e-02,
       1.3906804348406243e-02, -2.4473467042098133e-02,
       9.9960374659349616e-01 ]
T: !!opencv-matrix
   rows: 3
   cols: 1
   dt: d
   data: [ -3.8469891259415676e+00, -1.2291566955780622e-02,
       -2.4356031460484099e-02 ]
R1: !!opencv-matrix
   rows: 3
   cols: 3
   dt: d
   data: [ 9.9995969998340040e-01, -4.6301309923948803e-03,
       -7.6915730576493264e-03, 4.7236955907679944e-03,
       9.9991452625354371e-01, 1.2191262736774615e-02,
       7.6344684866499783e-03, -1.2227104078422438e-02,
       9.9989610101089099e-01 ]
R2: !!opencv-matrix
   rows: 3
   cols: 3
   dt: d
   data: [ 9.9997485456950108e-01, 3.1950331744748177e-03,
       6.3310340165793977e-03, -3.1174970051588789e-03,
       9.9992048238758846e-01, -1.2219251785413672e-02,
       -6.3695715026919602e-03, 1.2199207547480908e-02,
       9.9990529946294693e-01 ]
P1: !!opencv-matrix
   rows: 3
   cols: 4
   dt: d
   data: [ 5.9827298458841790e+02, 0., 3.2057521438598633e+02, 0., 0.,
       5.9827298458841790e+02, 2.3893278312683105e+02, 0., 0., 0., 1.,
       0. ]
P2: !!opencv-matrix
   rows: 3
   cols: 4
   dt: d
   data: [ 5.9827298458841790e+02, 0., 3.2057521438598633e+02,
       -2.3016075409687064e+03, 0., 5.9827298458841790e+02,
       2.3893278312683105e+02, 0., 0., 0., 1., 0. ]
Q: !!opencv-matrix
   rows: 4
   cols: 4
   dt: d
   data: [ 1., 0., 0., -3.2057521438598633e+02, 0., 1., 0.,
       -2.3893278312683105e+02, 0., 0., 0., 5.9827298458841790e+02, 0.,
       0., 2.5993701095392446e-01, 0. ]
