%YAML:1.0
R: !!opencv-matrix
   rows: 3
   cols: 3
   dt: d
   data: [ 9.9987385331910827e-01, -6.8835583578014401e-03,
       -1.4314121458649617e-02, 7.1772433785998640e-03,
       9.9976269369281001e-01, 2.0568020750204273e-02,
       1.4169143456207081e-02, -2.0668162096113697e-02,
       9.9968598192096614e-01 ]
T: !!opencv-matrix
   rows: 3
   cols: 1
   dt: d
   data: [ -3.7958683714782837e+00, 4.0072029770837243e-02,
       -4.2283167732162348e-02 ]
R1: !!opencv-matrix
   rows: 3
   cols: 3
   dt: d
   data: [ 9.9983818069429975e-01, -1.7665949967094523e-02,
       -3.3950902304705293e-03, 1.7699830994808066e-02,
       9.9979108259748961e-01, 1.0222873436310826e-02,
       3.2137841663924852e-03, -1.0281311701320550e-02,
       9.9994198142743862e-01 ]
R2: !!opencv-matrix
   rows: 3
   cols: 3
   dt: d
   data: [ 9.9988225675784292e-01, -1.0555506049994128e-02,
       1.1137949221994877e-02, 1.0669146505182322e-02,
       9.9989112613549147e-01, -1.0193389443626704e-02,
       -1.1029140206478230e-02, 1.0311021652921786e-02,
       9.9988601395297982e-01 ]
P1: !!opencv-matrix
   rows: 3
   cols: 4
   dt: d
   data: [ 4.8949307199026958e+02, 0., 3.1449074172973633e+02, 0., 0.,
       4.8949307199026958e+02, 2.3839135360717773e+02, 0., 0., 0., 1.,
       0. ]
P2: !!opencv-matrix
   rows: 3
   cols: 4
   dt: d
   data: [ 4.8949307199026958e+02, 0., 3.1449074172973633e+02,
       -1.8582700687683075e+03, 0., 4.8949307199026958e+02,
       2.3839135360717773e+02, 0., 0., 0., 1., 0. ]
Q: !!opencv-matrix
   rows: 4
   cols: 4
   dt: d
   data: [ 1., 0., 0., -3.1449074172973633e+02, 0., 1., 0.,
       -2.3839135360717773e+02, 0., 0., 0., 4.8949307199026958e+02, 0.,
       0., 2.6341331123883072e-01, 0. ]
