%YAML:1.0
M1: !!opencv-matrix
   rows: 3
   cols: 3
   dt: d
   data: [ 6.2493441461129589e+02, 0., 3.2165512540806162e+02, 0.,
       6.2335975559136091e+02, 2.2938283030867908e+02, 0., 0., 1. ]
D1: !!opencv-matrix
   rows: 1
   cols: 14
   dt: d
   data: [ 1.1502489182153626e-01, -4.3335700280288553e-01, 0., 0., 0.,
       0., 0., -7.0194517640191845e-01, 0., 0., 0., 0., 0., 0. ]
M2: !!opencv-matrix
   rows: 3
   cols: 3
   dt: d
   data: [ 6.2493441461129589e+02, 0., 3.1894662598444950e+02, 0.,
       6.2335975559136091e+02, 2.3364141996624772e+02, 0., 0., 1. ]
D2: !!opencv-matrix
   rows: 1
   cols: 14
   dt: d
   data: [ 5.7660486550269473e-02, 2.1955358053042012e-01, 0., 0., 0.,
       0., 0., 1.2893225041187186e+00, 0., 0., 0., 0., 0., 0. ]
