%YAML:1.0
M1: !!opencv-matrix
   rows: 3
   cols: 3
   dt: d
   data: [ 6.2178830650886960e+02, 0., 3.1855740361917174e+02, 0.,
       6.2142648652032904e+02, 2.3886404342698475e+02, 0., 0., 1. ]
D1: !!opencv-matrix
   rows: 1
   cols: 14
   dt: d
   data: [ 9.7292238001309830e-02, -1.9255338875310096e-01, 0., 0., 0.,
       0., 0., 9.4497816188019029e-02, 0., 0., 0., 0., 0., 0. ]
M2: !!opencv-matrix
   rows: 3
   cols: 3
   dt: d
   data: [ 6.2178830650886960e+02, 0., 3.2157583701349262e+02, 0.,
       6.2142648652032904e+02, 2.3902428466927461e+02, 0., 0., 1. ]
D2: !!opencv-matrix
   rows: 1
   cols: 14
   dt: d
   data: [ 7.5463505971489556e-02, -2.0452446188068910e-01, 0., 0., 0.,
       0., 0., -1.5517340139812386e-01, 0., 0., 0., 0., 0., 0. ]
