%YAML:1.0
M1: !!opencv-matrix
   rows: 3
   cols: 3
   dt: d
   data: [ 7.7876348887446102e+02, 0., 3.0623340730992805e+02, 0.,
       7.3179244351966679e+02, 2.2738854562067598e+02, 0., 0., 1. ]
D1: !!opencv-matrix
   rows: 1
   cols: 14
   dt: d
   data: [ -4.7892963186897406e+00, 1.3018587080974115e+02, 0., 0., 0.,
       0., 0., 8.9905196245841807e+02, 0., 0., 0., 0., 0., 0. ]
M2: !!opencv-matrix
   rows: 3
   cols: 3
   dt: d
   data: [ 7.7876348887446102e+02, 0., 3.4404282071020134e+02, 0.,
       7.3179244351966679e+02, 2.2883521265827875e+02, 0., 0., 1. ]
D2: !!opencv-matrix
   rows: 1
   cols: 14
   dt: d
   data: [ -1.8964113170892736e+00, 6.9110402088982610e+01, 0., 0., 0.,
       0., 0., 5.9988799204381849e+02, 0., 0., 0., 0., 0., 0. ]
