%YAML:1.0
M1: !!opencv-matrix
   rows: 3
   cols: 3
   dt: d
   data: [ 6.1741221931864777e+02, 0., 3.1634647488632936e+02, 0.,
       6.1574544866030135e+02, 2.3928288218728130e+02, 0., 0., 1. ]
D1: !!opencv-matrix
   rows: 1
   cols: 14
   dt: d
   data: [ -8.3072198233573955e-03, 7.3197778733727437e-01, 0., 0., 0.,
       0., 0., 2.6580203974957071e+00, 0., 0., 0., 0., 0., 0. ]
M2: !!opencv-matrix
   rows: 3
   cols: 3
   dt: d
   data: [ 6.1741221931864777e+02, 0., 3.2674479070799140e+02, 0.,
       6.1574544866030135e+02, 2.3752046224278044e+02, 0., 0., 1. ]
D2: !!opencv-matrix
   rows: 1
   cols: 14
   dt: d
   data: [ 5.5856534607298829e-02, 1.0161671521681527e-01, 0., 0., 0.,
       0., 0., 4.8184732888558202e-01, 0., 0., 0., 0., 0., 0. ]
