%YAML:1.0
M1: !!opencv-matrix
   rows: 3
   cols: 3
   dt: d
   data: [ 6.2004866546708149e+02, 0., 3.1793781742180221e+02, 0.,
       6.2042158126908657e+02, 2.3856294307244852e+02, 0., 0., 1. ]
D1: !!opencv-matrix
   rows: 1
   cols: 14
   dt: d
   data: [ 5.2618935450605475e-02, 3.1147721394550132e-01, 0., 0., 0.,
       0., 0., 1.9360562926950589e+00, 0., 0., 0., 0., 0., 0. ]
M2: !!opencv-matrix
   rows: 3
   cols: 3
   dt: d
   data: [ 6.2004866546708149e+02, 0., 3.2020572905705029e+02, 0.,
       6.2042158126908657e+02, 2.3968524508998254e+02, 0., 0., 1. ]
D2: !!opencv-matrix
   rows: 1
   cols: 14
   dt: d
   data: [ 1.4454474856227620e-02, 5.7701148030251193e-01, 0., 0., 0.,
       0., 0., 2.3298396796114882e+00, 0., 0., 0., 0., 0., 0. ]
